%A*x=b
A=[1 2 3 ; 4 5 6 ; 7 8 0];
b=[366 ; 804 ; 351];
x=A\b